[(1, 2), (1, 3), (4, 2), (4, 3)][('12', True), ('13', True), ('42', True), ('43', True)]
[(1, 2), (1, 4), (3, 2), (3, 4)][('12', True)]
[(1, 3), (1, 2), (4, 3), (4, 2)][('12', False), ('13', False), ('42', False), ('43', False)]
[(1, 3), (1, 4), (2, 3), (2, 4)][('13', False)]
[(1, 4), (1, 2), (3, 4), (3, 2)][('12', False)]
[(1, 4), (1, 3), (2, 4), (2, 3)][('13', True)]
[(2, 1), (2, 3), (4, 1), (4, 3)][('43', True)]
[(2, 1), (2, 4), (3, 1), (3, 4)][]
[(2, 3), (2, 1), (4, 3), (4, 1)][('43', False)]
[(2, 3), (2, 4), (1, 3), (1, 4)][('13', True)]
[(2, 4), (2, 1), (3, 4), (3, 1)][]
[(2, 4), (2, 3), (1, 4), (1, 3)][('13', False)]
[(3, 1), (3, 2), (4, 1), (4, 2)][('42', False)]
[(3, 1), (3, 4), (2, 1), (2, 4)][]
[(3, 2), (3, 1), (4, 2), (4, 1)][('42', True)]
[(3, 2), (3, 4), (1, 2), (1, 4)][('12', False)]
[(3, 4), (3, 1), (2, 4), (2, 1)][]
[(3, 4), (3, 2), (1, 4), (1, 2)][('12', True)]
[(4, 1), (4, 2), (3, 1), (3, 2)][('42', True)]
[(4, 1), (4, 3), (2, 1), (2, 3)][('43', False)]
[(4, 2), (4, 1), (3, 2), (3, 1)][('42', False)]
[(4, 2), (4, 3), (1, 2), (1, 3)][('12', False), ('13', False), ('42', False), ('43', False)]
[(4, 3), (4, 1), (2, 3), (2, 1)][('43', True)]
[(4, 3), (4, 2), (1, 3), (1, 2)][('12', True), ('13', True), ('42', True), ('43', True)]
[(1, 2), (1, 3), (5, 2), (5, 3)][('12', True), ('13', True)]
[(1, 2), (1, 5), (3, 2), (3, 5)][('12', True)]
[(1, 3), (1, 2), (5, 3), (5, 2)][('12', False), ('13', False)]
[(1, 3), (1, 5), (2, 3), (2, 5)][('13', False)]
[(1, 5), (1, 2), (3, 5), (3, 2)][('12', False)]
[(1, 5), (1, 3), (2, 5), (2, 3)][('13', True)]
[(2, 1), (2, 3), (5, 1), (5, 3)][]
[(2, 1), (2, 5), (3, 1), (3, 5)][]
[(2, 3), (2, 1), (5, 3), (5, 1)][]
[(2, 3), (2, 5), (1, 3), (1, 5)][('13', True)]
[(2, 5), (2, 1), (3, 5), (3, 1)][]
[(2, 5), (2, 3), (1, 5), (1, 3)][('13', False)]
[(3, 1), (3, 2), (5, 1), (5, 2)][]
[(3, 1), (3, 5), (2, 1), (2, 5)][]
[(3, 2), (3, 1), (5, 2), (5, 1)][]
[(3, 2), (3, 5), (1, 2), (1, 5)][('12', False)]
[(3, 5), (3, 1), (2, 5), (2, 1)][]
[(3, 5), (3, 2), (1, 5), (1, 2)][('12', True)]
[(5, 1), (5, 2), (3, 1), (3, 2)][]
[(5, 1), (5, 3), (2, 1), (2, 3)][]
[(5, 2), (5, 1), (3, 2), (3, 1)][]
[(5, 2), (5, 3), (1, 2), (1, 3)][('12', False), ('13', False)]
[(5, 3), (5, 1), (2, 3), (2, 1)][]
[(5, 3), (5, 2), (1, 3), (1, 2)][('12', True), ('13', True)]
[(1, 2), (1, 4), (5, 2), (5, 4)][('12', True)]
[(1, 2), (1, 5), (4, 2), (4, 5)][('12', True), ('42', True)]
[(1, 4), (1, 2), (5, 4), (5, 2)][('12', False)]
[(1, 4), (1, 5), (2, 4), (2, 5)][]
[(1, 5), (1, 2), (4, 5), (4, 2)][('12', False), ('42', False)]
[(1, 5), (1, 4), (2, 5), (2, 4)][]
[(2, 1), (2, 4), (5, 1), (5, 4)][]
[(2, 1), (2, 5), (4, 1), (4, 5)][]
[(2, 4), (2, 1), (5, 4), (5, 1)][]
[(2, 4), (2, 5), (1, 4), (1, 5)][]
[(2, 5), (2, 1), (4, 5), (4, 1)][]
[(2, 5), (2, 4), (1, 5), (1, 4)][]
[(4, 1), (4, 2), (5, 1), (5, 2)][('42', True)]
[(4, 1), (4, 5), (2, 1), (2, 5)][]
[(4, 2), (4, 1), (5, 2), (5, 1)][('42', False)]
[(4, 2), (4, 5), (1, 2), (1, 5)][('12', False), ('42', False)]
[(4, 5), (4, 1), (2, 5), (2, 1)][]
[(4, 5), (4, 2), (1, 5), (1, 2)][('12', True), ('42', True)]
[(5, 1), (5, 2), (4, 1), (4, 2)][('42', False)]
[(5, 1), (5, 4), (2, 1), (2, 4)][]
[(5, 2), (5, 1), (4, 2), (4, 1)][('42', True)]
[(5, 2), (5, 4), (1, 2), (1, 4)][('12', False)]
[(5, 4), (5, 1), (2, 4), (2, 1)][]
[(5, 4), (5, 2), (1, 4), (1, 2)][('12', True)]
[(1, 3), (1, 4), (5, 3), (5, 4)][('13', False)]
[(1, 3), (1, 5), (4, 3), (4, 5)][('13', False), ('43', False)]
[(1, 4), (1, 3), (5, 4), (5, 3)][('13', True)]
[(1, 4), (1, 5), (3, 4), (3, 5)][]
[(1, 5), (1, 3), (4, 5), (4, 3)][('13', True), ('43', True)]
[(1, 5), (1, 4), (3, 5), (3, 4)][]
[(3, 1), (3, 4), (5, 1), (5, 4)][]
[(3, 1), (3, 5), (4, 1), (4, 5)][]
[(3, 4), (3, 1), (5, 4), (5, 1)][]
[(3, 4), (3, 5), (1, 4), (1, 5)][]
[(3, 5), (3, 1), (4, 5), (4, 1)][]
[(3, 5), (3, 4), (1, 5), (1, 4)][]
[(4, 1), (4, 3), (5, 1), (5, 3)][('43', False)]
[(4, 1), (4, 5), (3, 1), (3, 5)][]
[(4, 3), (4, 1), (5, 3), (5, 1)][('43', True)]
[(4, 3), (4, 5), (1, 3), (1, 5)][('13', True), ('43', True)]
[(4, 5), (4, 1), (3, 5), (3, 1)][]
[(4, 5), (4, 3), (1, 5), (1, 3)][('13', False), ('43', False)]
[(5, 1), (5, 3), (4, 1), (4, 3)][('43', True)]
[(5, 1), (5, 4), (3, 1), (3, 4)][]
[(5, 3), (5, 1), (4, 3), (4, 1)][('43', False)]
[(5, 3), (5, 4), (1, 3), (1, 4)][('13', True)]
[(5, 4), (5, 1), (3, 4), (3, 1)][]
[(5, 4), (5, 3), (1, 4), (1, 3)][('13', False)]
[(2, 3), (2, 4), (5, 3), (5, 4)][]
[(2, 3), (2, 5), (4, 3), (4, 5)][('43', False)]
[(2, 4), (2, 3), (5, 4), (5, 3)][]
[(2, 4), (2, 5), (3, 4), (3, 5)][]
[(2, 5), (2, 3), (4, 5), (4, 3)][('43', True)]
[(2, 5), (2, 4), (3, 5), (3, 4)][]
[(3, 2), (3, 4), (5, 2), (5, 4)][]
[(3, 2), (3, 5), (4, 2), (4, 5)][('42', True)]
[(3, 4), (3, 2), (5, 4), (5, 2)][]
[(3, 4), (3, 5), (2, 4), (2, 5)][]
[(3, 5), (3, 2), (4, 5), (4, 2)][('42', False)]
[(3, 5), (3, 4), (2, 5), (2, 4)][]
[(4, 2), (4, 3), (5, 2), (5, 3)][('42', False), ('43', False)]
[(4, 2), (4, 5), (3, 2), (3, 5)][('42', False)]
[(4, 3), (4, 2), (5, 3), (5, 2)][('42', True), ('43', True)]
[(4, 3), (4, 5), (2, 3), (2, 5)][('43', True)]
[(4, 5), (4, 2), (3, 5), (3, 2)][('42', True)]
[(4, 5), (4, 3), (2, 5), (2, 3)][('43', False)]
[(5, 2), (5, 3), (4, 2), (4, 3)][('42', True), ('43', True)]
[(5, 2), (5, 4), (3, 2), (3, 4)][]
[(5, 3), (5, 2), (4, 3), (4, 2)][('42', False), ('43', False)]
[(5, 3), (5, 4), (2, 3), (2, 4)][]
[(5, 4), (5, 2), (3, 4), (3, 2)][]
[(5, 4), (5, 3), (2, 4), (2, 3)][]
